100
1 500
1 250
1 750
1 125
1 375
1 625
1 875
1 62
1 187
1 312
1 437
1 562
1 687
1 812
1 937
1 31
1 93
1 156
1 218
1 281
1 343
1 406
1 468
1 531
1 593
1 656
1 718
1 781
1 843
1 906
1 968
3 500
3 250
3 750
2 500
2 1000
0 500
2 500
3 500
1 500
1 15
1 46
1 77
1 108
1 139
1 170
1 201
1 232
1 263
1 294
0 62
0 187
0 312
3 400
3 600
1 100
1 200
1 300
1 400
1 600
1 700
1 800
1 900
0 15
0 46
0 77
2 100
2 15
3 300
1 50
1 150
1 350
1 450
1 550
1 650
1 850
1 950
0 250
0 375
0 625
0 875
3 500
2 500
1 1
1 2
1 3
1 4
1 5
0 1
0 2
0 3
0 4
0 5
3 100
3 200
3 300
3 400
3 500
3 600
3 700
3 800
3 900
3 1000