100
1 500 1
1 250 1
1 750 1
1 125 1
1 375 1
1 625 1
1 875 1
1 62 1
1 187 1
1 312 1
1 437 1
1 562 1
1 687 1
1 812 1
1 937 1
1 31 1
1 93 1
1 156 1
1 218 1
1 281 1
1 343 1
1 406 1
1 468 1
1 531 1
1 593 1
1 656 1
1 718 1
1 781 1
1 843 1
1 906 1
1 968 1
3 500 15
3 250 7
3 750 23
2 500 1
2 1000 0
0 500 1
2 500 0
3 500 15
1 500 1
1 15 1
1 46 1
1 77 1
1 108 1
1 139 1
1 170 1
1 201 1
1 232 1
1 263 1
1 294 1
0 62 1
0 187 1
0 312 1
3 400 19
3 600 26
1 100 1
1 200 1
1 300 1
1 400 1
1 600 1
1 700 1
1 800 1
1 900 1
0 15 1
0 46 1
0 77 1
2 100 1
2 15 0
3 300 16
1 50 1
1 150 1
1 350 1
1 450 1
1 550 1
1 650 1
1 850 1
1 950 1
0 250 1
0 375 1
0 625 1
0 875 1
3 500 25
2 500 1
1 1 1
1 2 1
1 3 1
1 4 1
1 5 1
0 1 1
0 2 1
0 3 1
0 4 1
0 5 1
3 100 3
3 200 10
3 300 17
3 400 20
3 500 25
3 600 30
3 700 34
